{
 "cells": [
  {
   "cell_type": "code",
   "execution_count": 18,
   "metadata": {},
   "outputs": [],
   "source": [
    "from secret_value import message\n",
    "import numpy as np\n",
    "import json\n",
    "from pathlib import Path"
   ]
  },
  {
   "cell_type": "code",
   "execution_count": 19,
   "metadata": {},
   "outputs": [
    {
     "name": "stdout",
     "output_type": "stream",
     "text": [
      "Message in ASCII: [110, 105, 116, 101, 123, 113, 85, 52, 110, 84, 117, 77, 95, 109, 51, 110, 52, 99, 51, 125]\n"
     ]
    }
   ],
   "source": [
    "flag = \"nite{xxxxxxxxxxxxxx}\"\n",
    "l = len(message)\n",
    "\n",
    "def message_to_vector(message):\n",
    "    vector = [ord(char) for char in message]\n",
    "    return vector\n",
    "\n",
    "m = message_to_vector(message)"
   ]
  },
  {
   "cell_type": "code",
   "execution_count": 20,
   "metadata": {},
   "outputs": [
    {
     "name": "stdout",
     "output_type": "stream",
     "text": [
      "random value of x:28\n",
      "A:[[1418.6819971   370.2045851  1732.66269722  687.25536885  688.11055787\n",
      "  1954.68672188 1875.13155591   40.67483719 1058.54715443   58.31256334\n",
      "  1440.2394872  1142.73163125 1537.13634599 1978.30082419 1535.10647504\n",
      "   310.42096452 1294.19651354  750.12754838  208.34873645  184.93316351]\n",
      " [1136.67486303 1714.96673918  216.77199664 1176.15984877  314.73746382\n",
      "   160.77589265  140.34015619 1705.96410999  925.15571379 1136.2933446\n",
      "   625.97476032  104.62687407 1711.1722033  1851.0088446  1426.56682726\n",
      "  1343.08348027  632.70324677  130.16955284 1912.99963856 1237.14978407]\n",
      " [1574.72630143 1139.46012182  977.29395743  169.6684295   518.22733526\n",
      "  1749.97762839  808.33538565  948.62167908  952.22189059  199.70040238\n",
      "   796.41265319  963.82952572  269.81033449  641.58406001  613.66263556\n",
      "  1884.63225007  935.48712505  576.25751507 1127.52880632  939.15725234]\n",
      " [1122.31687122 1257.86238146   46.71185861  230.86107212 1569.81506266\n",
      "  1120.89051406  268.30512256  434.64606888  926.81005849  215.75172087\n",
      "   298.12700799 1645.84832306 1094.40726363  238.09052658 1165.97512809\n",
      "  1427.4854539  1517.3309838  1949.4486153  1962.84192814  530.39074889]\n",
      " [1097.96958626  533.08062968  774.93206201  926.68748076 1736.68715026\n",
      "   647.30684457  346.00181063 1880.66335765  297.27215293   24.52156483\n",
      "   547.50455789  383.71830543  429.13930546  415.51222147 1622.68126964\n",
      "   941.25767589 1744.41596307   57.45763485 1756.61107659 1575.58694799]\n",
      " [ 496.20688337  485.84065117  791.26843861 1635.41226289  325.6980767\n",
      "   623.6819196  1218.48519478 1097.17811501 1753.44245698  785.2548903\n",
      "   955.32941695  739.52693699  630.88890828  235.80729724 1385.25645227\n",
      "   870.16605696 1491.62647833 1483.79709882 1961.01477503   35.13196107]\n",
      " [1684.26338967  111.520528   1014.3133347  1786.27069053  300.5481806\n",
      "  1668.80054495  904.26188699 1457.66581187  186.19329585  615.25055484\n",
      "  1860.18387746 1227.57411347 1099.11406356  614.85262314 1499.05598471\n",
      "   981.68471017 1354.74861579  714.44903488  707.9375999    68.95381717]\n",
      " [ 864.38622711  715.70719633 1805.34504542  315.66840708   62.95159219\n",
      "  1456.11152942 1821.09259671  503.2194967  1214.3734387  1661.96449875\n",
      "   133.71200426  859.32437687  489.12805993  348.19677882  226.49968593\n",
      "  1325.93938744 1427.58252045  287.02897557  912.12072719  748.46625967]\n",
      " [  69.04290262  813.53152801  198.73664601 1999.48248191 1587.44015551\n",
      "  1494.60040195 1257.15402584  828.28900958 1054.13591493 1515.99421235\n",
      "    49.88602803 1560.69596671 1384.49506348 1726.01492528  742.26462144\n",
      "  1743.44815262  615.92189177  991.75889051 1948.60999833 1157.81714823]\n",
      " [1482.96764749 1902.56300712 1705.43987683 1714.21953454 1946.79064764\n",
      "   619.83353876 1136.32995092  614.32112    1017.91838315   24.08094086\n",
      "  1215.72646422 1921.51805245  979.74772126 1503.03140125  254.33020672\n",
      "  1704.75712826 1997.64528596  556.12824317 1350.09339164 1367.96795349]\n",
      " [1885.1287892   869.45281376  853.78630676  904.63815696 1138.22914964\n",
      "   431.51284705 1412.0467988  1852.16080871 1604.48088888 1928.04109157\n",
      "  1316.94594055 1835.65959621  841.12823396  696.69716825  239.41099253\n",
      "  1644.6044126  1315.05231691  235.69066256 1547.29678634 1366.00724551]\n",
      " [1079.02313687 1854.90265167  298.5371265  1625.99516418  232.42590645\n",
      "  1637.75141199 1687.75243971 1010.87255331  571.74354184  127.6951341\n",
      "   718.21041585 1125.88837     207.42245633 1388.22006307 1268.86394766\n",
      "   228.78737153 1602.29026003  588.15939635 1958.03800864 1593.95358302]\n",
      " [ 937.14042577  424.70039526 1899.86412864  582.29790911 1590.04095145\n",
      "  1660.77752324  572.21842407 1282.96570885  274.61529389 1042.2652404\n",
      "   798.26292484  857.07324077 1596.85245772 1273.76501747   98.02738536\n",
      "  1184.26092257  206.74385337  813.0363425  1335.52750421 1434.36253974]\n",
      " [1603.67555694  758.72248375 1977.47409843  811.91737614 1192.27421446\n",
      "  1878.57216667  848.02181937 1471.64989463 1709.09070192 1863.30852689\n",
      "   129.89046384 1427.78746331  523.64150957 1262.52151069  593.29975524\n",
      "  1199.63237023  731.98465573 1219.386523    102.32029536  971.79481085]\n",
      " [ 400.22397223  461.43355718  970.84428866  917.03523482  371.31416904\n",
      "   223.78080502 1491.95771741  183.25703583  152.70636335  678.06280412\n",
      "  1505.42623216 1948.70575051 1352.90830866 1842.76632012 1639.23759441\n",
      "   951.07364751  892.49218339  494.79704344 1529.36195684 1842.88309062]\n",
      " [1429.5902437  1616.14886193 1220.99156773   27.73488229  496.13076296\n",
      "  1605.71797663 1934.39682242  220.62467504   36.50141316 1695.95851933\n",
      "   171.54304986 1614.34302743 1086.36250741 1955.54092767 1907.93623919\n",
      "  1866.03408719  911.64291585  177.13461979 1003.42991743 1981.08945391]\n",
      " [1362.07599766  551.18613052 1277.19386356  868.96919391   74.96380924\n",
      "   280.90081408 1100.48468599   85.07618924 1138.75727811 1434.74326622\n",
      "  1842.45220885  561.28493695 1716.87625253 1657.84922638  862.83827976\n",
      "   123.30626258 1396.3842699   878.00607884  389.00623398 1474.34829479]\n",
      " [ 615.7669913  1387.67602666  857.00846618 1628.5687629   204.74292786\n",
      "  1502.21624428 1627.56622448  862.24271951  814.45167995  180.49075484\n",
      "  1995.73914213 1326.24187738  379.574019    317.55765465 1520.02682117\n",
      "   834.05697052  954.73468644 1903.44602082 1706.37709261 1007.0138519 ]\n",
      " [1821.28778974  706.70646571 1496.60123966   39.51391545 1565.30191526\n",
      "  1037.18236859 1603.22669807  473.14783107 1159.13802374 1683.51588201\n",
      "  1130.73957062 1922.55026387  573.74626232  483.0585851  1419.40895686\n",
      "   859.2228952  1067.14247346  142.83308472 1403.02254853 1132.00779664]\n",
      " [ 791.45093474 1125.48411364  678.07417863 1729.81454042  592.1426237\n",
      "   227.99707806  692.03653119 1246.99462635 1734.78948403  537.63136256\n",
      "   961.61405799 1712.61230163  603.32755248 1419.56596158 1405.65943581\n",
      "   821.55580766  975.29696976 1590.338835    620.81070503  258.48251321]]\n",
      "s:[[4934.24088304  202.10070082 1620.75512163 4482.71748107 4591.48761431\n",
      "  4621.28456794 2957.88523441 2930.18801032 2281.30561626 3842.78666158\n",
      "   578.6018417  2319.05309966 3699.02034404 2116.60171975 2558.95535345\n",
      "   842.50097826  117.14528073 1481.89802954 1578.05964919 2739.1334356 ]\n",
      " [1309.45561141 2811.77802964 3567.71172106 1676.997362   3324.36719889\n",
      "  2657.11271351 4020.05676287 4605.75382283  396.09057799 3622.93449243\n",
      "  4099.82946838 4005.57201597  508.00918832 3458.47335505 1971.10446216\n",
      "  4769.48121456 1339.60724491 3276.09467185 3873.91045288 1192.85226545]\n",
      " [ 988.58939852  485.69080343 3341.67063748  599.27027876 3255.74898284\n",
      "  1503.21446598 4780.01687928 4963.7720642  1434.56229842 1559.72566476\n",
      "  2992.7677764  2852.0804736  1867.29226245 1783.69590235 2335.02365502\n",
      "  2458.58382272 4257.59717186 1512.27873736 4831.31463666 4813.04098178]\n",
      " [4272.76773861 4760.32969723 2644.94455322 2268.97609192  528.26860962\n",
      "  2820.50518054 4597.34435695 2108.51837335  773.11020124 3905.06177958\n",
      "   469.08770076 4005.96456139 1165.89724528 3266.20540076 3419.96274707\n",
      "   320.02238703  965.71630673  616.79853996 1172.41919661 2237.0787988 ]\n",
      " [2507.6321884  3285.19641393 2621.50644252 4550.36044614  741.74466854\n",
      "  3559.61782533 1817.32503661 4507.22150345 3398.05339355 2352.70211027\n",
      "  4955.34140059 2978.56012809 4287.85802481 1589.24971634 1790.19507782\n",
      "   322.19421283 2086.6154695  4587.17241982 3795.0394005  3504.29519249]\n",
      " [1148.8599724   863.2020962  4589.1322367   411.33506157  922.52228379\n",
      "  2238.19914906 3116.33464803 3445.48456452 4665.01437822  233.51875797\n",
      "  4261.30680868 1153.0597621  3974.42357772 1083.97414003 3936.38960527\n",
      "  1020.69234353 1457.5984429  4375.36536292 2470.43555461 1490.04754083]\n",
      " [1086.82562125  424.56042076 4110.5634868  1812.85518265 1318.17415618\n",
      "  1884.17722189 2516.98060062 3940.92591659 1358.26018645 1799.41793537\n",
      "  1309.78929442 3634.40608055 4168.74663825 1101.12215736  980.53975738\n",
      "  3922.04873276 3815.74795192 2888.7500189  2496.65249139 4915.53045004]\n",
      " [1420.57196338 2452.63045805 2681.95351496 1650.79800497 3084.63541826\n",
      "  2487.80048352  679.44051778 1876.10190168 2902.42457773 2164.88741327\n",
      "   886.29849248 3294.62767747  260.86287281 2177.60734789  792.03301983\n",
      "   181.60252641 3601.72284532 3104.08542115 4009.15291458 2970.04623273]\n",
      " [2741.25102268 1371.27591591  868.24014259 3188.86510981 1660.77762094\n",
      "  3140.47535732 2146.15207287  650.24749241 3652.75796535 3451.63696315\n",
      "   367.20457281 3514.73566186 3832.59874884 1456.15186945 1733.00216173\n",
      "  1620.57314673 2057.26012358 1752.40239701 1733.90590787 4989.27296498]\n",
      " [ 323.12683131 4573.95149123 2608.0116353  1971.84358134  216.1665344\n",
      "  1070.67197113 4130.22513377  352.35177442 2757.05317957 3636.35321438\n",
      "  1538.50121191 4810.5446282   823.27952217  585.27946343 3188.66879967\n",
      "  2804.57663631  709.48206936 2459.57664845 2994.07617633 4322.93185956]\n",
      " [ 786.05622829  460.40429222 4265.33427975 3298.88408113 1329.57815296\n",
      "  3352.15166947  522.69028514  316.18076857 3297.33989162 1381.10984237\n",
      "  4897.30650948 1617.78413067 3202.69941128 4455.52491522 2099.38467473\n",
      "  2858.7867218  2334.37527213 3342.19415049 3364.67314616 1596.14266566]\n",
      " [ 272.52755001 4898.5911381  1075.66581684 4564.40022429 1536.20473955\n",
      "   143.19820826 2693.05385901 4464.09434628 1989.39299437 1121.77051072\n",
      "  1571.10536199 4512.54667174 2063.94867446  297.66739602 2182.01085685\n",
      "  1136.73682119 1026.40661749 1385.21384091 1086.89942871 1345.38456855]\n",
      " [4150.43424183 3643.27952377 3282.30016426 3491.65614093 3824.64635045\n",
      "  3920.28148573 4600.64716907 1465.01699009 1584.41682381 2315.55090194\n",
      "  1581.83490566 2434.0699533  4978.68591767  627.34494646 2540.66270585\n",
      "  1692.18309712 1204.20260074 2948.76314525 3694.96284793 2353.80265645]\n",
      " [ 113.16748813 1446.71629463 1515.90058523 4835.45339747 3695.91966596\n",
      "  2477.46467388 1578.96246181 3723.67809045 3401.68983291 1452.48235309\n",
      "  4835.96142595 4496.92062737 4117.05520778 3046.88593652 2632.0589238\n",
      "    96.95082208 1836.0517974   934.07271741 4647.45265264 1566.0654996 ]\n",
      " [4374.54654775 3584.75085852 3298.98582731 3936.12873644 4382.62229485\n",
      "  3646.29032405 4842.13816035 2012.28187055 2699.78223794 1425.5547092\n",
      "   682.74988567 3802.5791412  3355.01586619 2800.02587054 1753.09708756\n",
      "  2001.13891186 2088.71071781 3698.88877401 4256.70504691 2285.90926241]\n",
      " [1577.5286709   296.23987684 1653.5558271  4298.38725286 3230.86262815\n",
      "   771.02993969 2772.80857777 3497.56296511 1373.6885332  1677.80738201\n",
      "  3254.87347351 3683.11730693 3760.02775814 3932.34223692 2940.69589729\n",
      "  3285.11046247  317.68535154 2255.03798357 2156.88052272   63.55156972]\n",
      " [1888.47533587  550.50434938 1740.56557429  434.26415053 1489.89117161\n",
      "  4076.07117343 1497.65777942 4262.85738033  255.74586179  248.5730895\n",
      "  1153.53392376  368.86034901 4529.96565947 3927.38638044 1034.18975766\n",
      "   256.40512844 4123.7469619   453.87296109 4161.92956785  842.93780191]\n",
      " [ 245.3560375   529.57974245 1956.16801698 3608.75472789   98.92194039\n",
      "   622.95438888 4050.45619088 3811.65006449  639.83873363 1993.14878473\n",
      "  2034.66378433 4328.56736253 2895.34539615 2760.46547818 2593.28472186\n",
      "  1701.98808868 2814.31737071 1687.57118988 3787.53849337 1803.08232637]\n",
      " [1590.43646621 3262.03847004 3155.63580759 4351.01657453  237.99867956\n",
      "  3765.94274047 3913.41079984 2129.87214068 3889.30335869 4536.03933667\n",
      "  2970.96257477 2351.86728994 3433.15279729 2116.27489516 2825.80851938\n",
      "  2884.4775752   789.76380318 4255.96592065 3408.3053734   837.68425682]\n",
      " [ 593.78381172 4389.84492929  800.00459512 1494.89011905 2352.59862989\n",
      "  2411.75875523 1615.54389432  412.3045814  2017.94766556 3840.80123751\n",
      "   269.61343962  491.05910432 1594.33654272 3378.86775153 4323.82095794\n",
      "  2886.70540196 4541.87207135 3955.22465914 4588.1252441  3617.12790496]]\n",
      "e:[[ 1.91808282]\n",
      " [-0.83376752]\n",
      " [ 1.47096791]\n",
      " [-0.13086694]\n",
      " [ 1.58416892]\n",
      " [ 0.43608836]\n",
      " [-0.95035154]\n",
      " [ 1.23746484]\n",
      " [ 0.33480257]\n",
      " [-0.40000082]\n",
      " [-0.04121563]\n",
      " [ 1.61807343]\n",
      " [-0.75669162]\n",
      " [-1.45702118]\n",
      " [-1.9097841 ]\n",
      " [-1.68717295]\n",
      " [ 0.40063185]\n",
      " [-1.10619103]\n",
      " [ 0.16112235]\n",
      " [-1.2282756 ]]\n",
      "t:[[39443332.23229657 34922007.08288853 56409724.9838697  57199221.27913729\n",
      "  47509027.17579632 54656895.66751204 60138583.37449627 62169061.60625765\n",
      "  47301927.80941256 37467685.56133065 49149923.73948233 59131415.26304584\n",
      "  70255353.2043976  44047123.30203724 46479349.12181487 33942675.16933969\n",
      "  44284161.64316195 48236442.37624115 65096498.70505084 51768108.16335188]\n",
      " [40742600.42186947 49951519.610551   48792360.47487845 60303198.5278828\n",
      "  49150026.05872191 56056372.54277896 58959539.84668043 46923904.51949214\n",
      "  45124616.30855562 53327000.18164183 42163112.42450908 61055230.56563148\n",
      "  54331800.17621461 49003613.64442465 47688667.14054593 37581879.96324693\n",
      "  35309162.41892217 51479220.40125037 66088406.01191567 43719091.55231066]\n",
      " [31161805.44224666 31284906.64632131 45433580.3853213  49863174.0642727\n",
      "  40554570.87355071 44930301.08890686 49761185.42231043 53229562.55650293\n",
      "  41669137.34812891 39392761.9783187  42520637.04912695 50021997.07235653\n",
      "  53979169.43405687 42663946.74828276 43261149.34950109 35111845.48174663\n",
      "  35136788.02464404 46944607.99412067 54790895.31433994 39483980.27876493]\n",
      " [36346206.05986612 42180478.29787808 46243402.57694733 61102288.42263599\n",
      "  36968365.70835269 49613083.09694763 58167677.0979666  58858087.32867236\n",
      "  41723304.63993151 43605289.63033745 44080866.27183293 56579882.03723919\n",
      "  61456586.8311342  43385680.6074174  44704757.77589954 34542562.87440888\n",
      "  34528536.61945734 51069186.17407384 59338786.41214021 37405578.32672346]\n",
      " [37794579.65485563 42081463.91635357 44681982.91622083 49741290.17361499\n",
      "  39844151.61247374 52996245.39608029 48098631.9120805  49290343.37174469\n",
      "  41377311.2233563  42268376.29835764 37122596.76956504 46104277.82228283\n",
      "  51958726.50229785 45346412.62656502 40431161.86632147 28406129.10898886\n",
      "  40865763.85954431 50070409.71488541 61217913.9129857  40936938.01840036]\n",
      " [37681988.3380223  40532354.71492592 49767390.01726845 53772942.57601632\n",
      "  33714544.6053788  49876120.93005177 58937142.85449171 50403927.77319472\n",
      "  41536487.94412918 45420455.42808842 36438264.38857915 59131260.65042789\n",
      "  56533172.6065987  44535332.65253995 42226690.74844868 34926293.15386572\n",
      "  39398404.42474806 45735019.84498751 57906071.66907238 46165985.57227127]\n",
      " [41960275.81613795 40270633.55205724 55488478.97101702 55325063.69760196\n",
      "  43239518.93868159 53287173.33755078 58535567.34183951 54443225.80601053\n",
      "  44864778.53915621 40598591.44014315 42504656.56303374 57519852.08282708\n",
      "  59515888.71674046 46980025.89882768 46501905.99878313 31317007.69957303\n",
      "  38937320.71704756 47751400.34368417 59698318.54383403 44459518.43256357]\n",
      " [26879335.53487826 32265189.92332118 44984703.75801637 40129455.69464507\n",
      "  34176800.76626204 39697419.09338778 52599793.09636117 50668773.43749262\n",
      "  37197472.80594562 38326303.73163413 35411818.39229877 50568124.85591698\n",
      "  50541441.74259803 35002398.83365926 40996126.50295024 36726624.15419424\n",
      "  37875158.18577951 41456128.19383963 52915779.55789264 47557121.54184724]\n",
      " [39362676.53459013 60056169.03532092 56716836.45721286 69104898.763667\n",
      "  40799183.83744713 54182159.61775319 69598373.9440987  63247402.51119097\n",
      "  53259424.4421107  55552606.67259254 52488000.4808666  73913256.35939297\n",
      "  67486019.76138626 48539240.80099143 58077538.40743046 40593390.89228646\n",
      "  41177831.84439997 59427639.31460144 69302621.57990886 52907990.00097019]\n",
      " [45704969.99475086 54000216.30208797 60961820.46131    72823386.68213484\n",
      "  53760185.62874588 65545575.83634384 70486105.83883381 78942985.01857823\n",
      "  50929482.19451951 58138750.90122034 60627598.02971449 73170352.18316427\n",
      "  74928853.94639362 61669687.00581723 58643930.37188987 45485177.06117533\n",
      "  52169150.96023814 59546462.36055774 78858618.316384   57354479.30658065]\n",
      " [42246952.74546213 54728601.52908956 57203860.73186437 69601706.50805062\n",
      "  48992062.0532962  60716420.27526861 64451110.23727065 62087378.30980133\n",
      "  54784089.60157508 60136933.86749431 48671955.81424607 72326756.39966367\n",
      "  66944715.1447986  52711718.03394436 55388361.89722841 45181786.93727922\n",
      "  47411457.4943468  59634820.3080879  71665216.14951827 61812474.61312307]\n",
      " [37370754.55304857 47864410.69626511 55285648.5707035  54994193.6038354\n",
      "  42525029.49537821 56809934.79165263 60118023.48539981 60249882.16978391\n",
      "  45995376.95629997 49793009.46069959 44759624.35299738 59148763.02528359\n",
      "  59202617.90443469 51447431.83363466 50041744.33966371 39615037.07594083\n",
      "  45074870.90811553 54126720.68435038 66441511.53359562 46255844.96201176]\n",
      " [32471223.57243111 44395158.09073596 52555332.82997498 56112966.15909451\n",
      "  41842179.33775108 48905934.87199902 58497061.55611603 56373518.10156898\n",
      "  48763505.88591083 46028184.32035992 50900192.31436264 57511598.30611109\n",
      "  58422101.05690001 41859221.70783297 51331639.77519331 35323568.68206203\n",
      "  41473106.4175614  54862820.21605825 66773662.11371459 50493253.90513362]\n",
      " [37494436.64621013 46576074.20849747 54007475.63461906 59764192.38378095\n",
      "  47301380.96470916 51140789.06111951 66018320.1530185  65098211.3337516\n",
      "  52011003.17388432 50291601.56300837 48174413.71373634 70814680.43981215\n",
      "  61954551.3240664  45144895.57976018 54442734.51606877 37476290.83213995\n",
      "  46290486.95305246 53342058.41072667 69077426.7929171  61917319.57237145]\n",
      " [32707686.95963494 49846146.31310612 50043942.25658405 61461420.09051635\n",
      "  43746317.79532299 49471950.53830538 58321976.66675451 53408838.20837745\n",
      "  43685436.71729758 44535506.55996194 44245884.16549735 59925675.1168436\n",
      "  60395244.78533263 47078942.25592332 48784115.28774793 39794225.70469924\n",
      "  42837181.63088536 50322657.98797715 65933271.3222906  46070815.15879441]\n",
      " [37780833.2296825  52475697.05605914 58966696.97475152 65239911.52606805\n",
      "  56189945.88223863 54987021.04488771 70842488.26487172 68194347.73644671\n",
      "  51039837.94090593 51149957.099834   52628452.55460168 70319834.22419128\n",
      "  68592806.71543348 50520541.65252344 57966869.02273011 49614665.92251235\n",
      "  45969874.92576558 61010040.43525469 75708198.6856558  55230580.51748829]\n",
      " [35061175.70071924 40226283.31284504 47924661.05270171 53068636.59033601\n",
      "  42846721.30855966 52018181.11315405 55616458.94551847 46429894.90018894\n",
      "  40709158.66611329 44689721.76749853 39567530.09166375 55059024.16214801\n",
      "  58654488.62567972 45342267.10578527 46349507.4163726  36039787.02338155\n",
      "  42669672.68865354 43450698.45530652 63835448.61870424 51439404.70241784]\n",
      " [37273679.21731713 45386928.4746407  60366938.19797718 59452511.56402354\n",
      "  39884069.93383034 53740659.83606438 65192474.96213762 60247783.75035451\n",
      "  46613296.21114519 48975042.18725554 48324349.60299726 64299838.69136664\n",
      "  61471808.95493651 53911765.66853155 51528338.83350649 44712040.28566233\n",
      "  46604405.98381639 56837606.41567115 67281531.21591082 48667841.35855578]\n",
      " [39180614.18654879 48718209.41676881 55777967.78233661 63489281.53906248\n",
      "  45619350.43956258 55991892.39073025 63360714.52307809 61274481.13346657\n",
      "  52419498.19098699 50480119.84902351 47722650.43440328 64400972.71203042\n",
      "  65702886.23515536 44353102.9914038  50538410.14842124 43064327.04870759\n",
      "  44229364.21766771 58239350.84970425 67453882.21912318 58725642.20799048]\n",
      " [37345363.84696721 45125858.77391446 46881476.63745563 60734639.68778451\n",
      "  41547173.66213334 48631454.27649619 58344353.86294779 55824075.59664337\n",
      "  41504793.38549707 45577153.02381428 40422671.64084587 66878691.86671767\n",
      "  55362954.72339424 47005701.63450032 43997382.94352664 32798709.09864652\n",
      "  39502544.74727881 43432826.14085841 60131849.84858321 47035662.33839084]]\n"
     ]
    }
   ],
   "source": [
    "def randomized_matrix(lower_bound, upper_bound, row, column):\n",
    "    rando = np.random.uniform(lower_bound, upper_bound, size=(row, column))\n",
    "    return rando\n",
    "\n",
    "def randomised_matrix(lower_bound, upper_bound, row, column):\n",
    "    rando = np.random.randint(lower_bound, upper_bound, size=(row, column))\n",
    "    return rando\n",
    "\n",
    "x = np.random.randint(1, 100)\n",
    "\n",
    "A = randomized_matrix(20, 2000, l, l)\n",
    "s = randomized_matrix(50, 5000, l, l)\n",
    "e = randomized_matrix(-2, 2, l, 1)\n",
    "\n",
    "t = np.dot(A, s) + e\n",
    "\n",
    "print(f\"random value of x:{x}\")"
   ]
  },
  {
   "cell_type": "code",
   "execution_count": 21,
   "metadata": {},
   "outputs": [
    {
     "name": "stdout",
     "output_type": "stream",
     "text": [
      "u:[[-4.79819971e+08 -4.79819976e+08 -4.79819965e+08 -4.79819980e+08\n",
      "  -4.79819958e+08 -4.79819968e+08 -4.79819996e+08 -4.79820029e+08\n",
      "  -4.79819971e+08 -4.79819997e+08 -4.79819964e+08 -4.79820004e+08\n",
      "  -4.79819986e+08 -4.79819972e+08 -4.79820030e+08 -4.79819971e+08\n",
      "  -4.79820029e+08 -4.79819982e+08 -4.79820030e+08 -4.79819956e+08]\n",
      " [-4.55493581e+08 -4.55493586e+08 -4.55493575e+08 -4.55493590e+08\n",
      "  -4.55493568e+08 -4.55493578e+08 -4.55493606e+08 -4.55493639e+08\n",
      "  -4.55493581e+08 -4.55493607e+08 -4.55493574e+08 -4.55493614e+08\n",
      "  -4.55493596e+08 -4.55493582e+08 -4.55493640e+08 -4.55493581e+08\n",
      "  -4.55493639e+08 -4.55493592e+08 -4.55493640e+08 -4.55493566e+08]\n",
      " [-4.16051738e+08 -4.16051743e+08 -4.16051732e+08 -4.16051747e+08\n",
      "  -4.16051725e+08 -4.16051735e+08 -4.16051763e+08 -4.16051796e+08\n",
      "  -4.16051738e+08 -4.16051764e+08 -4.16051731e+08 -4.16051771e+08\n",
      "  -4.16051753e+08 -4.16051739e+08 -4.16051797e+08 -4.16051738e+08\n",
      "  -4.16051796e+08 -4.16051749e+08 -4.16051797e+08 -4.16051723e+08]\n",
      " [-4.52552791e+08 -4.52552796e+08 -4.52552785e+08 -4.52552800e+08\n",
      "  -4.52552778e+08 -4.52552788e+08 -4.52552816e+08 -4.52552849e+08\n",
      "  -4.52552791e+08 -4.52552817e+08 -4.52552784e+08 -4.52552824e+08\n",
      "  -4.52552806e+08 -4.52552792e+08 -4.52552850e+08 -4.52552791e+08\n",
      "  -4.52552849e+08 -4.52552802e+08 -4.52552850e+08 -4.52552776e+08]\n",
      " [-4.28274865e+08 -4.28274870e+08 -4.28274859e+08 -4.28274874e+08\n",
      "  -4.28274852e+08 -4.28274862e+08 -4.28274890e+08 -4.28274923e+08\n",
      "  -4.28274865e+08 -4.28274891e+08 -4.28274858e+08 -4.28274898e+08\n",
      "  -4.28274880e+08 -4.28274866e+08 -4.28274924e+08 -4.28274865e+08\n",
      "  -4.28274923e+08 -4.28274876e+08 -4.28274924e+08 -4.28274850e+08]\n",
      " [-4.32260956e+08 -4.32260961e+08 -4.32260950e+08 -4.32260965e+08\n",
      "  -4.32260943e+08 -4.32260953e+08 -4.32260981e+08 -4.32261014e+08\n",
      "  -4.32260956e+08 -4.32260982e+08 -4.32260949e+08 -4.32260989e+08\n",
      "  -4.32260971e+08 -4.32260957e+08 -4.32261015e+08 -4.32260956e+08\n",
      "  -4.32261014e+08 -4.32260967e+08 -4.32261015e+08 -4.32260941e+08]\n",
      " [-4.58433432e+08 -4.58433437e+08 -4.58433426e+08 -4.58433441e+08\n",
      "  -4.58433419e+08 -4.58433429e+08 -4.58433457e+08 -4.58433490e+08\n",
      "  -4.58433432e+08 -4.58433458e+08 -4.58433425e+08 -4.58433465e+08\n",
      "  -4.58433447e+08 -4.58433433e+08 -4.58433491e+08 -4.58433432e+08\n",
      "  -4.58433490e+08 -4.58433443e+08 -4.58433491e+08 -4.58433417e+08]\n",
      " [-3.94746300e+08 -3.94746305e+08 -3.94746294e+08 -3.94746309e+08\n",
      "  -3.94746287e+08 -3.94746297e+08 -3.94746325e+08 -3.94746358e+08\n",
      "  -3.94746300e+08 -3.94746326e+08 -3.94746293e+08 -3.94746333e+08\n",
      "  -3.94746315e+08 -3.94746301e+08 -3.94746359e+08 -3.94746300e+08\n",
      "  -3.94746358e+08 -3.94746311e+08 -3.94746359e+08 -3.94746285e+08]\n",
      " [-5.24840850e+08 -5.24840855e+08 -5.24840844e+08 -5.24840859e+08\n",
      "  -5.24840837e+08 -5.24840847e+08 -5.24840875e+08 -5.24840908e+08\n",
      "  -5.24840850e+08 -5.24840876e+08 -5.24840843e+08 -5.24840883e+08\n",
      "  -5.24840865e+08 -5.24840851e+08 -5.24840909e+08 -5.24840850e+08\n",
      "  -5.24840908e+08 -5.24840861e+08 -5.24840909e+08 -5.24840835e+08]\n",
      " [-5.77150624e+08 -5.77150629e+08 -5.77150618e+08 -5.77150633e+08\n",
      "  -5.77150611e+08 -5.77150621e+08 -5.77150649e+08 -5.77150682e+08\n",
      "  -5.77150624e+08 -5.77150650e+08 -5.77150617e+08 -5.77150657e+08\n",
      "  -5.77150639e+08 -5.77150625e+08 -5.77150683e+08 -5.77150624e+08\n",
      "  -5.77150682e+08 -5.77150635e+08 -5.77150683e+08 -5.77150609e+08]\n",
      " [-5.18474905e+08 -5.18474910e+08 -5.18474899e+08 -5.18474914e+08\n",
      "  -5.18474892e+08 -5.18474902e+08 -5.18474930e+08 -5.18474963e+08\n",
      "  -5.18474905e+08 -5.18474931e+08 -5.18474898e+08 -5.18474938e+08\n",
      "  -5.18474920e+08 -5.18474906e+08 -5.18474964e+08 -5.18474905e+08\n",
      "  -5.18474963e+08 -5.18474916e+08 -5.18474964e+08 -5.18474890e+08]\n",
      " [-5.05358167e+08 -5.05358172e+08 -5.05358161e+08 -5.05358176e+08\n",
      "  -5.05358154e+08 -5.05358164e+08 -5.05358192e+08 -5.05358225e+08\n",
      "  -5.05358167e+08 -5.05358193e+08 -5.05358160e+08 -5.05358200e+08\n",
      "  -5.05358182e+08 -5.05358168e+08 -5.05358226e+08 -5.05358167e+08\n",
      "  -5.05358225e+08 -5.05358178e+08 -5.05358226e+08 -5.05358152e+08]\n",
      " [-4.67279197e+08 -4.67279202e+08 -4.67279191e+08 -4.67279206e+08\n",
      "  -4.67279184e+08 -4.67279194e+08 -4.67279222e+08 -4.67279255e+08\n",
      "  -4.67279197e+08 -4.67279223e+08 -4.67279190e+08 -4.67279230e+08\n",
      "  -4.67279212e+08 -4.67279198e+08 -4.67279256e+08 -4.67279197e+08\n",
      "  -4.67279255e+08 -4.67279208e+08 -4.67279256e+08 -4.67279182e+08]\n",
      " [-4.75795148e+08 -4.75795153e+08 -4.75795142e+08 -4.75795157e+08\n",
      "  -4.75795135e+08 -4.75795145e+08 -4.75795173e+08 -4.75795206e+08\n",
      "  -4.75795148e+08 -4.75795174e+08 -4.75795141e+08 -4.75795181e+08\n",
      "  -4.75795163e+08 -4.75795149e+08 -4.75795207e+08 -4.75795148e+08\n",
      "  -4.75795206e+08 -4.75795159e+08 -4.75795207e+08 -4.75795133e+08]\n",
      " [-4.77409378e+08 -4.77409383e+08 -4.77409372e+08 -4.77409387e+08\n",
      "  -4.77409365e+08 -4.77409375e+08 -4.77409403e+08 -4.77409436e+08\n",
      "  -4.77409378e+08 -4.77409404e+08 -4.77409371e+08 -4.77409411e+08\n",
      "  -4.77409393e+08 -4.77409379e+08 -4.77409437e+08 -4.77409378e+08\n",
      "  -4.77409436e+08 -4.77409389e+08 -4.77409437e+08 -4.77409363e+08]\n",
      " [-5.53062211e+08 -5.53062216e+08 -5.53062205e+08 -5.53062220e+08\n",
      "  -5.53062198e+08 -5.53062208e+08 -5.53062236e+08 -5.53062269e+08\n",
      "  -5.53062211e+08 -5.53062237e+08 -5.53062204e+08 -5.53062244e+08\n",
      "  -5.53062226e+08 -5.53062212e+08 -5.53062270e+08 -5.53062211e+08\n",
      "  -5.53062269e+08 -5.53062222e+08 -5.53062270e+08 -5.53062196e+08]\n",
      " [-4.43796673e+08 -4.43796678e+08 -4.43796667e+08 -4.43796682e+08\n",
      "  -4.43796660e+08 -4.43796670e+08 -4.43796698e+08 -4.43796731e+08\n",
      "  -4.43796673e+08 -4.43796699e+08 -4.43796666e+08 -4.43796706e+08\n",
      "  -4.43796688e+08 -4.43796674e+08 -4.43796732e+08 -4.43796673e+08\n",
      "  -4.43796731e+08 -4.43796684e+08 -4.43796732e+08 -4.43796658e+08]\n",
      " [-5.22348903e+08 -5.22348908e+08 -5.22348897e+08 -5.22348912e+08\n",
      "  -5.22348890e+08 -5.22348900e+08 -5.22348928e+08 -5.22348961e+08\n",
      "  -5.22348903e+08 -5.22348929e+08 -5.22348896e+08 -5.22348936e+08\n",
      "  -5.22348918e+08 -5.22348904e+08 -5.22348962e+08 -5.22348903e+08\n",
      "  -5.22348961e+08 -5.22348914e+08 -5.22348962e+08 -5.22348888e+08]\n",
      " [-4.96153498e+08 -4.96153503e+08 -4.96153492e+08 -4.96153507e+08\n",
      "  -4.96153485e+08 -4.96153495e+08 -4.96153523e+08 -4.96153556e+08\n",
      "  -4.96153498e+08 -4.96153524e+08 -4.96153491e+08 -4.96153531e+08\n",
      "  -4.96153513e+08 -4.96153499e+08 -4.96153557e+08 -4.96153498e+08\n",
      "  -4.96153556e+08 -4.96153509e+08 -4.96153557e+08 -4.96153483e+08]\n",
      " [-4.20310160e+08 -4.20310165e+08 -4.20310154e+08 -4.20310169e+08\n",
      "  -4.20310147e+08 -4.20310157e+08 -4.20310185e+08 -4.20310218e+08\n",
      "  -4.20310160e+08 -4.20310186e+08 -4.20310153e+08 -4.20310193e+08\n",
      "  -4.20310175e+08 -4.20310161e+08 -4.20310219e+08 -4.20310160e+08\n",
      "  -4.20310218e+08 -4.20310171e+08 -4.20310219e+08 -4.20310145e+08]]\n",
      "v:[[-15707.30107586]\n",
      " [ -7144.80986148]\n",
      " [ -8972.7348508 ]\n",
      " [-12390.09889747]\n",
      " [ -6346.33273904]\n",
      " [ -8633.99442043]\n",
      " [-10602.28920694]\n",
      " [ -7558.54119556]\n",
      " [ -9783.57246424]\n",
      " [ -9163.69161064]\n",
      " [ -2597.82911718]\n",
      " [ -9466.47377716]\n",
      " [ -9630.25875009]\n",
      " [ -8249.36987441]\n",
      " [-10042.10375218]\n",
      " [-13889.18335643]\n",
      " [ -7306.75325867]\n",
      " [-12342.83419858]\n",
      " [ -6728.83629461]\n",
      " [ -8315.49053019]]\n"
     ]
    }
   ],
   "source": [
    "def create_cipher(key1, key2, message):\n",
    "    e1 = randomised_matrix(-2, 2, l, 1)\n",
    "    e2 = randomised_matrix(-2, 2, l, 1)\n",
    "    e3 = randomised_matrix(-2, 2, l, 1)\n",
    "\n",
    "    u = np.dot(key2, e1) + e2 + message\n",
    "    v = np.dot(key1, e1) + e3\n",
    "\n",
    "    return u, v\n",
    "\n",
    "u, v = create_cipher(A, t, m)\n",
    "\n",
    "print(f\"u:{u}\")\n",
    "print(f\"v:{v}\")"
   ]
  },
  {
   "cell_type": "code",
   "execution_count": 22,
   "metadata": {},
   "outputs": [],
   "source": [
    "def dump_values(s, A, t):\n",
    "    if isinstance(s, np.ndarray):\n",
    "        dump = {'secret_key': s.tolist(), 'A': A.tolist(), 't': t.tolist()}\n",
    "    else:\n",
    "        dump = {'secret_key': s}\n",
    "\n",
    "    home_directory = Path.home()\n",
    "\n",
    "    if home_directory:\n",
    "        dump_folder = home_directory / 'dump'\n",
    "\n",
    "        if not dump_folder.is_dir():\n",
    "            try:\n",
    "                dump_folder.mkdir(parents=True, exist_ok=True)\n",
    "            except Exception as e:\n",
    "                print(f\"Error creating dump folder: {e}\")\n",
    "                return\n",
    "\n",
    "        dump_file = dump_folder / 'dump_values.json'\n",
    "        try:\n",
    "            with open(dump_file, 'w') as file:\n",
    "                json.dump(dump, file, indent=2)\n",
    "        except Exception as e:\n",
    "            print(f\"Error dumping values to file: {e}\")\n",
    "\n",
    "    else:\n",
    "        pass\n",
    "\n",
    "dump_values(s, A, t)"
   ]
  }
 ],
 "metadata": {
  "kernelspec": {
   "display_name": "Python 3",
   "language": "python",
   "name": "python3"
  },
  "language_info": {
   "codemirror_mode": {
    "name": "ipython",
    "version": 3
   },
   "file_extension": ".py",
   "mimetype": "text/x-python",
   "name": "python",
   "nbconvert_exporter": "python",
   "pygments_lexer": "ipython3",
   "version": "3.10.12"
  }
 },
 "nbformat": 4,
 "nbformat_minor": 2
}
